01100110011001100110011001100110
01111000011110000111100001111000
00101010110101010010101011010101
00011001110011001110011000110011
11111000001111000001111000001111
01010010101010010101010010101010
01100011001100011001100011001100
10000011110000011110000011110000
11111100000000011111111100000000
11111111111111100000000000000000
00000000000000000000000000000000
01010101010101010101010101010101
00110011001100110011001100110011
01011010010110100101101001011010
01100011100111000110001110011100
01111100000111111000001111100000
10000000000111111111110000000000
11111111111000000000000000000000
00000000000000000000000000000000
00000000000000000000000000000000
00000000000000000000000000000000
00000000000000000000000000000000
00000000000000000000000000000000
00000000000000000000000000000000
00000000000000000000000000000000
00000000000000000000000000000000
00000000000000000000000000000000
00000000000000000000000000000000
00000000000000000000000000000000
00000000000000000000000000000000
00000000000000000000000000000000
01010101010101010101010101010101
01100110011001100110011001100110
01111000011110000111100001111000
01101110100100010110111010010001
01101100101110011001001101000110
10000110000010110110000000111000
00111000000001000101101111010100
00100010110111101010001100100000
10011001000110110001100000000100
01000111110001000100010000100100
00100001001000010101110000100000
01100110111001010001100000000100
00010010100100010001000101110001
01000111010001110011101001000110
00001111100011000111000101101101
00101011010101110010100010110111
01011000110001001101101000111010
11110011100011000000111010001101
01010100101010001101010010110111
10100111001001001101101000111010
11110011100011000000111010001101
00000001111111011000000111100010
10010100000101111110100100001001
11101101100100100001000010010011
00010111000101001001011100001011
10010110001111110001010011011110
00000111001000001110001111101101
10101001000110111010110011100111
10001100111001011110110000101010
10111100111001010101100011001001
01110111110001001111000011000111
11101010000000001111010000101110
10101110011101000100100110111000
00110000100000111100101010000001
10100001110010001100000100000111
11110000010101100001010001111010
00010110011100000110111010001100
00111000111010011100000011110100
11100101000100011111101100100001
10101011100011100100110001000010
01110000101000000111010101011101
01101111011001100111001110110110
00111111000110101101101100101001
10100010100011100101100110010010
01100010100101111000001101011001
10010000010010100111011110000110
01101011011011101001000101101100
11010111010100110010110110110000
01001101111000101100101000000001
11100101110110000000010100010110
01000000011101110100001101101001
01110101010011110110110010000010
00101100101101001101010101001000
11110110011100100111000110010000
01111110010100101000011101010000
11000100011110100010011101010100
01011101011010100010001101110101
00011001010111110111111001110011
01111011111111000111111000011111
00101110101010010101011110101010
01110010001111101000100111011101
10010000110100101111001111100011
11111010010011101111100101001111
10111111100001100010010110101011
01001001001100101100110011001110
10100100101000001010000010111101
11011100000100001101101011110010
11100011100010001111111101011001
11111110101110110110011010010111
01101000001110001001001100111011
10010110010010100000101110011011
00010101100010111001011110001011
10000110001011101000010111001111
11010000011101111011010010111010
10011111001100011001101111001100
10010011100110101111000110110100
10101010010001101100111001110101
11110100111111000110101100110010
00101100100010110100101001011000
01110100110110000111001011000101
00111011000110001010010100110110
11011000001001100101101100111000
00110011100110110100111010000100
01100100101111001000000001110001
11000100000101010011111000010110
00011111111010010000001100111001
00000001000011100001101011000010
00000110100011011110010001011101
10111001011000010010001010110011
01011000000010001101111000001010
11110010101011010001000110011101
00010010010001101001001110100110
10000111010111101001110001101101
10000011111001000111100111100111
00101110100000111010100001111111
10001101110100000110111111111111
01111001111110111111101011111010
11111010110011011111101111001101
10101011110110101011000011110111
10011110000101001111111000111011
10111111101011010101101010011110
01110010100110011001001010101000
10000011010110001001100010010101
11010111110100011101001100110010
10110110000110110100111000011001
01110101101010000001011110000111
01000011011010111100000101101011
10100100010101110011110110011010
01001011111101111101011011011001
10100010001111011010001011000010
10011101010010011110000001001001
10111001000000010010000111010011
00001101000101101111011100001010
11101011011011110001000110001100
01010110000001101101000111100101
11110111010101101110100001100111
11101000100101010110100001101011
01111001110100010111100111001111
01101010100001111111000010101011
10111110000000011101110111001110
11110011111100111111000111101101
10101010010101111010100010110111
11011001100100001101101001101111
11100010110110010111100111101011
01101011110001101110110011011011
10111100111000001010001011001110
10001100000011011111000111101101
11111110010101101111110110110111
10101111111101111100101100111010
11100000100110110001101110011001
01000110100010111100001010010110
10100101010011011100011101111101
11100101011010100111111010100110
00111111101010001101110001111001
10110010111101010010101111000110
00001100100010101111010101101000
11111111001100100111100011010000
01101110100001011111001001010100
10101011000011010011001000100000
00001011010110000000110101000101
01010101101000110011010001110010
00001111001101010110101000011000
01101101100010000001011010010100
00000010001011001000011100110000
10000000011010110001111101000101
00000010111011100110010100100010
01101000011000110000100101001100
00010001110101100111010111100100
01101111011101101110100101110100
10101000100001100010111001100101
01001101111011000010110000100011
00011101111000000001110100011110
00000110101100100000011110101101
01010100011011111100110010100010
10110100111001011100110100011001
10110000101001100101001110010110
01100011000011111000011100111100
10010000011110110000111010110100
00010001111111001000101000110001
11010100110111000100101100010010
01100001100011110000011101011100
00000000011010110110001110100101
00101000010110101100110001110111
11100000111101000111111000111011
00101111111010000100101111011010
01110000110111111111011011011101
11101111001011001111001111100011
11111011000110101111100100011010
11111010110100100000011111001101
